gc	pred
0	0.413065352859909
0.01	0.762474099555943
0.02	1.10650570119942
0.03	1.44506504516018
0.04	1.77805820670893
0.05	2.10539249232959
0.06	2.42697648261845
0.07	2.74272007474269
0.08	3.05253452443078
0.09	3.35633248746723
0.1	3.65402806066467
0.11	3.94553682228648
0.12	4.23077587189321
0.13	4.50966386958669
0.14	4.78212107462569
0.15	5.04806938338759
0.16	5.30743236665079
0.17	5.56013530617292
0.18	5.80610523054034
0.19	6.04527095026499
0.2	6.27756309210483
0.21	6.50291413258481
0.22	6.72125843069572
0.23	6.93253225974857
0.24	7.13667383836323
0.25	7.33362336056985
0.26	7.52332302500284
0.27	7.70571706316718
0.28	7.88075176675809
0.29	8.04837551401486
0.3	8.20853879509118
0.31	8.36119423642423
0.32	8.50629662408578
0.33	8.64380292609944
0.34	8.77367231370817
0.35	8.89586618157779
0.36	9.01034816692226
0.37	9.11708416753748
0.38	9.21604235873122
0.39	9.30719320913715
0.4	9.39050949540237
0.41	9.46596631573767
0.42	9.53354110232177
0.43	9.59321363255021
0.44	9.64496603912139
0.45	9.68878281895281
0.46	9.72465084092101
0.47	9.75255935241994
0.48	9.77249998473323
0.49	9.78446675721644
0.5	9.78845608028655
0.51	9.78446675721644
0.52	9.77249998473323
0.53	9.75255935241994
0.54	9.72465084092101
0.55	9.68878281895281
0.56	9.64496603912139
0.57	9.59321363255021
0.58	9.53354110232177
0.59	9.46596631573767
0.6	9.39050949540237
0.61	9.30719320913715
0.62	9.21604235873122
0.63	9.11708416753748
0.64	9.01034816692226
0.65	8.89586618157779
0.66	8.77367231370817
0.67	8.64380292609944
0.68	8.50629662408578
0.69	8.36119423642423
0.7	8.20853879509118
0.71	8.04837551401486
0.72	7.88075176675809
0.73	7.70571706316718
0.74	7.52332302500284
0.75	7.33362336056985
0.76	7.13667383836323
0.77	6.93253225974857
0.78	6.72125843069572
0.79	6.50291413258481
0.8	6.27756309210482
0.81	6.04527095026499
0.82	5.80610523054034
0.83	5.56013530617292
0.84	5.30743236665079
0.85	5.04806938338759
0.86	4.78212107462569
0.87	4.50966386958669
0.88	4.23077587189321
0.89	3.94553682228648
0.9	3.65402806066467
0.91	3.35633248746723
0.92	3.05253452443078
0.93	2.74272007474269
0.94	2.42697648261845
0.95	2.10539249232959
0.96	1.77805820670893
0.97	1.44506504516018
0.98	1.10650570119942
0.99	0.762474099555943
1	0.413065352859909
